12
13
14
1,0
12
134
145
139
112
132
123
098
101
12
13
14
1,0
12
134
145
139
112
132
123
098
101
12
13
14
1,0
12
134
145
139
112
132
123
098
101
12
13
14
1,0
12
134
145
139
112
132
123
098
101
12
13
14
1,0
12
134
145
139
112
132
123
098
101
12
13
14
1,0
12
134
145
139
112
132
123
098
101
12
13
14
1,0
12
134
145
139
112
132
123
098
101
12
13
14
1,0
12
134
145
139
112
132
123
098
101
12
13
14
1,0
12
134
145
139
112
132
123
098
101
12
13
14
1,0
12
134
145
139
112
132
123
098
101
12
134
145
139
112
132
123
098
101
12
134
145
139
112
132
123
098
101
12
134
145
139
112
132
123
098
101
12
134
145
139
112
132
123
098
101
12
134
145
139
112
132
123
098
101
12
134
145
139
112
132
123
098
101
12
134
145
139
112
132
123
098
112
134
145
139
112
132
123
098
101
12
134
145
139
112
132
123
098
101